96513.90458492986 93743.49092978971 -4.6063499449032665 5.583220310542334
4282.6819432677585 32641.65371201311 -4.257905641741665 3.9307400263203824
81996.32633641922 -64360.24249889213 -4.06044593835366 -3.913146865425543
-82889.89483538255 70259.90249984743 -5.90786752650016 -5.696336117095195
48596.908834791575 -2694.087451384752 5.3281497266948445 3.650439303084802
1291.2869880679937 -3490.873610856448 5.309169627119747 -3.472811088648173
1809.690437934114 -31095.65538572325 4.835219352740051 -4.808505328609563
97042.98242841843 -65878.54899938722 5.717320398603409 5.93865292030214
16093.598399866329 -27407.632697639885 -0.07560869045264162 4.430738400135871
-10735.562415415261 34581.90497345746 -2.6708619735165455 2.93964862591114
7254.569315095185 -28202.199054164128 1.5769087502119934 2.8520917129783463
21580.529590168037 -28234.015474438842 -0.2520957934887491 0.34226999996224894
-3849.3315649903234 -27174.050724620087 5.399770455291609 -3.6662155535728242
5085.652174680494 25852.20705279481 -3.5598725345852538 3.8078951657681444
21258.067564272933 -32233.826629268355 -3.127363406533529 4.236431599940872
-3725.0951334731653 30196.33276849243 -5.547355925767566 4.240687852963887
52805.634073165944 5680.108455766735 4.058079410253047 -3.071417704049104
-3548.33343917453 -43252.3013685692 -1.339150030490706 -1.8133675697608913
-9506.351255074245 29712.68035364784 -4.982994787569007 2.28664750057483
-5103.879758845651 33011.628916416244 -2.521734610387007 -0.11187825831424902
-1871.706031438429 36209.919507862185 -1.8137429860267815 -4.3310064911915624
-45900.94480623491 95916.42307298338 4.632236003347529 3.7219553417219426
4872.40526066786 30207.656718712766 -0.019990740014709907 5.337695737039315
10633.342166965682 -30206.470013153492 2.333440989350846 -0.20586077344839282
2447.4833749093814 33558.60973620802 -3.446161592805382 5.190543599739069
-15868.88331601437 24678.44169943538 1.4603781392927608 -5.3595536740891525
95831.53350523967 -99218.57004353151 4.778957232715554 4.592379041534649
6742.264573850858 -34877.259712587314 2.3600590161310038 -1.0427668003590647
-85455.41908765017 97633.42551739364 -4.946052894779754 -5.863998628629892
84913.50996455697 -90892.61555044536 5.307510127084694 4.549352388903889
-3382.775595621657 -5555.762117444261 5.909932368036712 3.179151533658281
14711.030134407978 37882.12451514177 1.261159329584693 5.899001110562843
-19906.677597874106 56397.96561723684 3.4099062195259204 -2.951356264278245
-22805.510880739093 9938.305672789618 5.8367947978859895 -3.749412192733303
-20784.750846159077 24147.854841075416 -0.9316766221072523 0.2776156974530437
45105.70767538269 -29307.562881737278 -4.747644659431378 -1.8711072996529579
-32236.578328458156 -98093.94593685665 1.8577002788830859 -2.0277635927779274
-7656.154064037881 31720.3186397784 -2.3177085113274027 -4.253887164943108
-22835.102210855024 -41744.40428589226 -3.126936676820241 -3.2549586313788446
-10370.118489173212 -29133.963899729337 0.9758637685513527 -2.182607994889478
-12849.618739788624 29260.34281182324 -1.7835714201660853 -4.900115836190048
17897.255950794075 -26133.817273814566 -1.7137454788914823 4.1610943450742806
2732.3083719368587 -26712.52884017148 4.806565809010943 2.0296025741614194
83962.77993934676 -75825.94838326811 5.845162604072932 5.91799814834366
-84758.72750744072 87776.25353741758 -5.350468425977359 -4.443113628050859
2508.548523321748 -6696.717338857707 5.162727020223908 -3.227003382654233
-241.04900893496233 31913.969725568633 -5.070678864044404 -2.5764087317657998
-68996.08220331164 -99952.3924054007 5.7642786940673645 -4.697318165761405
852.876448939016 -41686.4061481237 1.2888760511032373 -0.7847208505268917
12427.659506597614 -38076.09697901626 -0.6421459132275844 -2.4180178306504416
